[345.14731952832534, 120000.0, 7.5, 0.69900000000000007, 0.072900000000000006]
[96.274673343174115, 35000.0, 7.5, 0.45000000000000001, 4.5899999999999999]
[119.56384634285419, 85000.0, 7.5, 0.59899999999999998, 0.27300000000000002]
[285.68862224150428, 35000.0, 7.5, 0.45000000000000001, 4.5899999999999999]
[518.5768902986506, 25000.0, 7.5, 0.41100000000000003, 16.800000000000001]
[658.6499023969252, 55000.0, 7.5, 0.51200000000000001, 1.29]
[436.17378216290939, 35000.0, 7.5, 0.45000000000000001, 4.5899999999999999]
[137.49992936062941, 30000.0, 7.5, 0.42799999999999999, 9.6600000000000001]
[149.63310529740536, 45000.0, 7.5, 0.47999999999999998, 2.25]
[303.91863763909237, 110000.0, 7.5, 0.66700000000000004, 0.089399999999999993]
[257.92048812666002, 25000.0, 7.5, 0.41100000000000003, 16.800000000000001]
[515.91084871810779, 25000.0, 7.5, 0.41100000000000003, 16.800000000000001]
[358.96244051645454, 20000.0, 7.5, 0.39399999999999996, 31.699999999999999]
[45.6758024788003, 35000.0, 8.5, 0.95400000000000007, 24.800000000000001]
[172.14682841406295, 35000.0, 8.0, 0.66099999999999992, 6.3300000000000001]
[58.865278442740966, 35000.0, 8.5, 0.95400000000000007, 24.800000000000001]
[192.29064731766999, 35000.0, 7.5, 0.45000000000000001, 4.5899999999999999]
[96.048929405105298, 30000.0, 7.5, 0.42799999999999999, 9.6600000000000001]
[139.77475635230235, 45000.0, 7.5, 0.47999999999999998, 2.25]
[80.611855167613868, 40000.0, 7.5, 0.46399999999999997, 3.1000000000000001]
[83.361113404466465, 45000.0, 8.0, 0.68200000000000005, 2.8100000000000001]
[193.57286266527291, 35000.0, 7.5, 0.45000000000000001, 4.5899999999999999]
[771.72360354703721, 25000.0, 7.5, 0.41100000000000003, 16.800000000000001]
[343.83372526887143, 35000.0, 7.5, 0.45000000000000001, 4.5899999999999999]
[578.12533214613802, 40000.0, 7.5, 0.46399999999999997, 3.1000000000000001]
[291.60108334254426, 35000.0, 7.5, 0.45000000000000001, 4.5899999999999999]
[55.908074108140077, 35000.0, 7.5, 0.45000000000000001, 4.5899999999999999]
[482.16461656890698, 50000.0, 7.5, 0.496, 1.6899999999999999]
[270.24868242542487, 45000.0, 7.5, 0.47999999999999998, 2.25]
[152.23079622203844, 75000.0, 7.5, 0.56899999999999995, 0.44700000000000001]
[634.67340232167953, 50000.0, 7.5, 0.496, 1.6899999999999999]
[71.793486782752097, 20000.0, 7.5, 0.39399999999999996, 31.699999999999999]
[2117.7235625908329, 35000.0, 7.5, 0.45000000000000001, 4.5899999999999999]
[218.30882007151115, 50000.0, 7.5, 0.496, 1.6899999999999999]
[443.49371494564775, 30000.0, 7.5, 0.42799999999999999, 9.6600000000000001]
[1075.5400650393462, 30000.0, 7.5, 0.42799999999999999, 9.6600000000000001]
[74.427517269273082, 25000.0, 7.5, 0.41100000000000003, 16.800000000000001]
[99.694691158745712, 20000.0, 7.5, 0.39399999999999996, 31.699999999999999]
[325.26805772198503, 65000.0, 7.5, 0.54100000000000004, 0.73999999999999999]
[327.13332933670728, 40000.0, 7.5, 0.46399999999999997, 3.1000000000000001]
[394.43522390682483, 35000.0, 7.5, 0.45000000000000001, 4.5899999999999999]
[672.45651905101158, 25000.0, 7.5, 0.41100000000000003, 16.800000000000001]
[550.33200928340477, 25000.0, 7.5, 0.41100000000000003, 16.800000000000001]
[888.50286289139854, 25000.0, 7.5, 0.41100000000000003, 16.800000000000001]
[1056.2402791783081, 30000.0, 7.5, 0.42799999999999999, 9.6600000000000001]
[418.9667386129961, 35000.0, 7.5, 0.45000000000000001, 4.5899999999999999]
[211.21587496254782, 40000.0, 7.5, 0.46399999999999997, 3.1000000000000001]
[115.09753004445635, 30000.0, 7.5, 0.42799999999999999, 9.6600000000000001]
[91.978693389974268, 35000.0, 7.5, 0.45000000000000001, 4.5899999999999999]
[703.88928218846786, 35000.0, 7.5, 0.45000000000000001, 4.5899999999999999]
[565.98805934991469, 25000.0, 7.5, 0.41100000000000003, 16.800000000000001]
[487.94927894438518, 60000.0, 7.5, 0.52700000000000002, 0.96299999999999997]
[637.48380774462646, 35000.0, 7.5, 0.45000000000000001, 4.5899999999999999]
[240.06660051762083, 25000.0, 7.5, 0.41100000000000003, 16.800000000000001]
[378.38705193290224, 50000.0, 7.5, 0.496, 1.6899999999999999]
[244.78887521320823, 30000.0, 7.5, 0.42799999999999999, 9.6600000000000001]
[457.46931981675129, 35000.0, 7.5, 0.45000000000000001, 4.5899999999999999]
[346.05666897007706, 35000.0, 7.5, 0.45000000000000001, 4.5899999999999999]
[100.19109083313896, 30000.0, 7.5, 0.42799999999999999, 9.6600000000000001]
[345.27423241460139, 35000.0, 7.5, 0.45000000000000001, 4.5899999999999999]
[442.00489128010116, 85000.0, 7.5, 0.59899999999999998, 0.27300000000000002]
[259.44171745947119, 30000.0, 7.5, 0.42799999999999999, 9.6600000000000001]
[732.89339846958978, 60000.0, 7.5, 0.52700000000000002, 0.96299999999999997]
[86.346485423237894, 25000.0, 7.5, 0.41100000000000003, 16.800000000000001]
[508.55890049667545, 30000.0, 7.5, 0.42799999999999999, 9.6600000000000001]
[422.46178860684824, 50000.0, 7.5, 0.496, 1.6899999999999999]
[629.84646207210517, 25000.0, 7.5, 0.41100000000000003, 16.800000000000001]
[386.43053222263325, 75000.0, 7.5, 0.56899999999999995, 0.44700000000000001]
[176.25570944909313, 60000.0, 7.5, 0.52700000000000002, 0.96299999999999997]
[304.4928632105653, 70000.0, 7.5, 0.55500000000000005, 0.56799999999999995]
[1329.5507375070702, 55000.0, 7.5, 0.51200000000000001, 1.29]
[247.28696102743277, 75000.0, 7.5, 0.56899999999999995, 0.44700000000000001]
[236.65341053481364, 70000.0, 8.5, 0.99199999999999999, 0.60199999999999998]
[741.47499825112345, 120000.0, 7.5, 0.69900000000000007, 0.072900000000000006]
[223.06689820785428, 25000.0, 7.5, 0.41100000000000003, 16.800000000000001]
[217.76091545988939, 120000.0, 7.5, 0.69900000000000007, 0.072900000000000006]
[114.76903072772744, 55000.0, 7.5, 0.51200000000000001, 1.29]
[213.40376247099113, 35000.0, 7.5, 0.45000000000000001, 4.5899999999999999]
[141.0104543361561, 120000.0, 7.5, 0.69900000000000007, 0.072900000000000006]
[326.94025787372283, 120000.0, 7.5, 0.69900000000000007, 0.072900000000000006]
